104 21 11 9 10 5988014
104 21 11 11 12 5988014
104 21 11 13 14 5988014
104 21 11 15 16 5988145
104 21 11 16 17 5988145
105 21 11 9 10 5988145
105 21 11 11 12 5988014
105 21 11 13 14 5988014
105 21 11 14 15 5988014
105 21 11 15 16 5988145
103 21 11 9 10 5988145
103 21 11 11 12 5988014
103 21 11 13 14 5988014
103 21 11 14 15 5988014
103 21 11 15 16 5988145
102 21 11 9 10 5988145
102 21 11 11 12 5988014
102 21 11 13 14 5988014
102 21 11 14 15 5988014
102 21 11 15 16 5988145

104 25 6356640 -99576981 1 5988199
104 25 12 12 13 10
104 25 123 32 32 10
101 26 36 36 36 5988199
